66 0 1.0 36118.11 1.d16
500 500 40
1   1        1             0.0000000000     
2   2        1         82258.9191133        
3   2        3         82259.2850014        
4   2        1         82258.9543992821     
5   3        1         97492.211200         
6   3        3         97492.319611         
7   3        1         97492.221701         
8   3        3         97492.319433         
9   3        5         97492.355566         
10  4        1        102823.8485825        
11  4        3        102823.8943175        
12  4        1        102823.8530211        
13  4        3        102823.894250         
14  4        5        102823.9094871        
15  4        5        102823.90949          
16  4        7        102823.917091         
17  5        1        105291.62867          
18  5        3        105291.65209          
19  5        1        105291.63094          
20  5        3        105291.651993         
21  5        5        105291.659796         
22  5        5        105291.65983494       
23  5        7        105291.66370          
24  5        7        105291.66373033       
25  5        9        105291.66607200       
26  6        1        106632.1485242        
27  6        3        106632.1620756        
28  6        1        106632.1498416        
29  6        3        106632.1620536        
30  6        5        106632.1665697        
31  6        5        106632.16656761       
32  6        7        106632.16882614       
33  6        7        106632.16882188       
34  6        9        106632.17017701       
35  6        9        106632.17017434       
36  6        11       106632.17107779       
37  7        1        107440.43850          
38  7        3        107440.44703          
39  7        1        107440.43933          
40  7        3        107440.447022         
41  7        5        107440.449866         
42  8        1        107965.0491583        
43  8        3        107965.0548753        
44  8        1        107965.0497145        
45  8        3        107965.0548660        
46  8        5        107965.05677174       
47  9        1        108324.72016          
48  9        3        108324.72418          
49  9        1        108324.72055          
50  9        3        108324.724162         
51  9        5        108324.725501         
52  10       1        108581.99051          
53  10       3        108581.99344          
54  10       1        108581.99080          
55  10       3        108581.9934250        
56  10       5        108581.9944009        
57  11       1        108772.34135          
58  11       3        108772.34355          
59  11       1        108772.34157          
60  11       3        108772.343536         
61  11       5        108772.344270 
62  12       1        108917.11870          
63  12       3        108917.12039          
64  12       1        108917.11886          
65  12       3        108917.1203787        
66  12       5        108917.12094342       
67  0        3        109678.771732
Combined input file for H, and H+, 1st column = energy level 
index, 2nd column = n-th state, third column = degeneracy, 
fourth column = energy level (cm-1)
