19 6 8.0 41280.00 1.d18
1000 1000 40
1   2   9   78.
2   2   5   15868.
3   2   1   33792.
4   3   5   73768.
5   3   3   76795.
6   3   15  86629.
7   3   9   88631.
8   4   8   95757.
9   3   40  97445.
10  4   24  99313.
11  5   8   102227.
12  4   96  102881.
13  5   24  103869.
14  5   168 105394.
15  6   288 106639.
16  7   392 107583.
17  8   512 108117.
18  9   648 108478.
19  10  800 108734.
20  0  1   109837.
1   4   0.
2   10  26816.
3   6   40467.
4   12  119933.
5   10  164791.
6   18  186604.
Combined input file for O, and O+, 1st column = energy level index, 2nd column = n-th state, third column = degeneracy, fourth column = energy level (cm-1)
